4
5
78
-65
-93
56
86
-78
-6
68
-36
93
-38
-64
32
12
0
-37
-63
-59
90
-92
-43
-62
2
-30
72
68
-68
70
69
-28
-70
-1
29
-68
43
-21
78
29
-38
-46
-91
63
55
73
-33
5
-83
-91
18
-18
-60
-88
-44
18
-40
92
12
2
-11
23
-91
31
47
61
-95
-68
95
-41
26
25
-20
-17
8
31
32
-26
-66
-60
11
36
-36
-14
-58
-92
10
-32
83
84
47
-11
74
94
77
16
1
35
-28
26
59
57
-45
45
44
13
30
-31
99
53
-43
0
9
-80
-9
-71
-74
9
-40
-26
-84
32
-36
-95
49
30
87
36
32
-89
-16
-58
9
-62
-72
-75
75
-74
-33
90
37
-46
99
5
53
-34
31
7
57
66
73
10
81
74
14
34
48
-80
-85
-5
-83
73
87
-40
27
58
75
-30
54
78
-10
47
-33
65
-81
96
-29
-3
87
42
15
83
78
-75
8
-62
-77
-2
-93
41
33
48
-4
16
-28
-43
92
-90
59
-42
35
-88
-51
85
1
-35
-5
-16
26
-42
-5
-20
79
25
-15
37
83
79
23
21
81
-81
80
64
-5
-27
68
66
-13
48
-64
-32
-75
-9
63
-34
71
7
-19
-6
-83
87
-39
-28
-38
0
3
45
-99
75
68
-43
22
16
70
57
-96
21
-21
52
86
35
43
4
-70
46
56
-85
99
36
26
94
36
69
-97
5
-96
95
86
98
-86
59
-1
72
92
33
83
23
-39
-24
-33
-54
95
9
-99
69
-96
-59
-50
74
-99
27
32
-22
10
39
90
15
-87
9
47
-55
48
6
90
23
-42
-65
75
-32
-37
59
38
71
25
3
32
-86
-80
85
84
-96
17
22
-83
90
7
47
43
-99
-51
86
66
-94
32
93
-19
-88
87
-79
74
56
73
62
34
91
-80
46
66
61
87
-33
50
40
-16
50
-38
-84
-90
79
-53
85
61
44
39
83
47
-55
-89
29
50
55
-20
-14
94
43
2
-59
-90
-27
40
46
-35
1
59
-41
-48
-31
-8
-16
-20
54
24
69
-1
4
-48
23
-25
-90
76
97
-53
27
-19
-72
87
-35
41
69
23
-61
-37
-71
-25
48
-94
-65
-18
64
74
75
-58
84
-52
-49
-82
-50
-15
70
81
-83
11
53
-29
-47
38
-19
95
-87
-46
-61
31
93
66
-34
-69
24
-58
34
65
-93
4
-79
-58
86
88
-45
63
15
-13
48
72
92
-79
-23
-99
-72
12
-26
63
-51
-39
31
-25
45
73
-33
-48
11
0
-42
87
20
84
61
81
-57
-88
-52
-74
-75
16
26
45
91
37
-14
7
-60
55
-4
43
62
-58
-24
53
-77
1
49
-57
-91
-21
63
-26
-38
-75
-6
-20
-80
-75
64
81
84
43
-96
-1
-48
-39
56
-41
-2
62
22
-11
98
-72
81
-38
-87
71
97
45
38
-62
8
63
-32
39
-21
61
-52
-31
-18
41
-76
19
6
-70
27
54
-71
30
41
-26
-36
51
83
-41
-4
61
-56
-76
-38
56
41
39
-30
12
57
-85
-24
-63
-67
-90
35
-37
89
10
40
-13
-67
13
-27
85
-60
42
-76
-88
4
-84
49
81
84
-48
87
35
-41
-59
83
-86
75
-62
1
38
-38
-6
0
1
0
1
4
0
0
0
0
5
0
0
0
1
4
-1
