5 3
-16 73-41
  2 35  2
-39-76-82

 39-81-56
 28  5 62
-91 33 79

 55 79 57
-90-93 62
-59-44 -1

-81-94-56
-36 91  8
 60 40-38

 20-99  5
 90 -4 17
 73 99 79

-26  6 92
 -1-13-98
 22-62-99

 94-65 62
-73 11 43
-78-20 84

-46-75-35
-13 99 37
-59 19 23

-86-61-89
 80 52 70
-27-16 43

  7 72-93
 61-42 67
 -6 74 42

-96-69 67
 49-29 66
-58  4 88

-41-56-23
 97-16 94
  9 62 87

-98  8 92
-41-77 50
 24 77-31

 45 -8 27
  6 -9 99
  5 60 17

-94 41 94
-68 71-21
 40 58-64

-50 75 42
-65-12 60
-32 35 11

-72 89 97
  8-69 38
-57 29 54

 97 28-86
 92 14 26
-37 10 96

-61-71 26
 48 75-63
 13 50-52

 25 68-15
 -1-88 98
 85-83 92

 35-78-13
 35 53 11
 46 60-16

-36 55-38
-94 23-10
 57 60 57

 62 75 29
 31-11-82
-25 28 -1

-48-20 67
-33 79  6
 -4 78-62

 86-60-49
 50-87  2
 95 32 83

-50  0-84
-66 41 75
 30-30-74

 69-94-96
 25 43-21
-88 50-66


0 0 0 0 0 3
-1
